-2.789340865728205388e-01
-1.279947497221114672e+00
-2.542220237241550773e+00
1.261166526583386571e-01
-5.172889566178603404e-01
-6.249864001616579623e-01
1.504218703108193278e-01
8.620366310765251727e-01
-1.115291947902452424e-01
-2.027755613561875947e+00
-7.869994719102973990e-01
-1.817883633609503613e-01
-1.202113346816990003e+00
7.143248290230282960e-01
4.300289476291633828e-01
-7.065207689970052218e-01
5.924155036393949914e-01
8.306765844209009764e-01
3.129119879128789417e-01
-4.700786808092322772e-02
1.393235619460238439e+00
-1.670120500612121694e-01
-1.118057341025977536e-01
-1.105286401665407148e+00
-1.412833331671900394e+00
5.261290431013314617e-01
-6.712757544509430074e-01
-6.660503794775640696e-01
-1.807130630178959696e-01
7.668856363074406657e-01
2.109970392965257457e-01
1.538068276169591853e-01
-4.189871531075911593e-02
-5.632482143281796194e-01
1.384693619368409401e+00
-1.805779382691725388e-01
5.741767938252527737e-01
-2.962304371559528193e-01
1.556287482554430945e-01
-1.108014824213634925e-01
3.444315820057166633e-01
-2.308296814682503084e-01
4.241402623880391465e-01
1.297604894132539322e+00
3.062894940990132930e-01
-4.740665099587235143e-01
-1.485389494871724780e+00
-3.805819161274350271e-01
2.863939965285854927e-01
9.134042689294391559e-01
2.442293576906509056e+00
4.092300914075069351e-01
-4.562443703723787491e-01
1.274982637369340921e+00
-1.500990119786974226e-02
-1.739894386681354599e-01
-2.649342892673530958e+00
2.150819754625237223e+00
2.024370829402462046e+00
7.000724141270957546e-01
5.801940829832960000e-01
-1.174973503420102316e+00
-5.007487591276760241e-01
-5.318777600027708718e-01
-1.021329856772878741e-01
-3.200106249994812968e-01
5.576107272749545318e-01
-8.452866506150641390e-01
-2.966308411421220703e-01
-2.020721011339877915e+00
3.667435890506848817e-01
-9.027304785700462908e-01
1.441741618186773266e+00
5.156304124004645884e-01
5.959729085949306837e-01
-4.304711719134681203e-01
1.521350493399876269e+00
-1.788086157799659182e+00
-1.041954627159746849e+00
1.714099611857886063e-01
-2.789340865728205388e-01
-1.279947497221114672e+00
-2.542220237241550773e+00
1.261166526583386571e-01
-5.172889566178603404e-01
-6.249864001616579623e-01
1.504218703108193278e-01
8.620366310765251727e-01
-1.115291947902452424e-01
-2.027755613561875947e+00
-7.869994719102973990e-01
-1.817883633609503613e-01
-1.202113346816990003e+00
7.143248290230282960e-01
4.300289476291633828e-01
-7.065207689970052218e-01
5.924155036393949914e-01
8.306765844209009764e-01
3.129119879128789417e-01
-4.700786808092322772e-02
